cur_joint_Vel: 1.1716e-05  0.00632239 0.000140467  0.00596531 4.93672e-05 -0.00492484
cur_joint_Vel: 1.1716e-05  0.00632239 0.000140467  0.00596531 4.93672e-05 -0.00492484
cur_joint_Vel:1.13372e-05  0.00725715 0.000139731  0.00591635 4.91559e-05 -0.00526199
cur_joint_Vel:1.13372e-05  0.00725715 0.000139731  0.00591635 4.91559e-05 -0.00526199
cur_joint_Vel:1.12495e-05  0.00759494 0.000138584  0.00588639  4.8681e-05 -0.00534433
cur_joint_Vel:1.12495e-05  0.00759494 0.000138584  0.00588639  4.8681e-05 -0.00534433
cur_joint_Vel:1.10435e-05  0.00810123 0.000138567  0.00581534 4.87484e-05 -0.00553698
cur_joint_Vel:1.10435e-05  0.00810123 0.000138567  0.00581534 4.87484e-05 -0.00553698
cur_joint_Vel:1.08308e-05  0.00863556 0.000138017  0.00575354 4.86224e-05 -0.00573253
cur_joint_Vel:1.08308e-05  0.00863556 0.000138017  0.00575354 4.86224e-05 -0.00573253
cur_joint_Vel:1.06052e-05  0.00923193 0.000135751  0.00572842 4.75705e-05  -0.0059205
cur_joint_Vel:1.06052e-05  0.00923193 0.000135751  0.00572842 4.75705e-05  -0.0059205
cur_joint_Vel: 1.0399e-05  0.00976484  0.00013533   0.0057843 4.75114e-05  -0.0061645
cur_joint_Vel: 1.0399e-05  0.00976484  0.00013533   0.0057843 4.75114e-05  -0.0061645
cur_joint_Vel:1.05251e-05   0.0100757  0.00013531  0.00566391 4.75881e-05  -0.0062061
cur_joint_Vel:1.05251e-05   0.0100757  0.00013531  0.00566391 4.75881e-05  -0.0062061
cur_joint_Vel:9.89148e-06   0.0111615 0.000134406  0.00567744 4.73135e-05 -0.00663127
cur_joint_Vel:9.94869e-06   0.0112175 0.000133873  0.00554539 4.71668e-05 -0.00660071
cur_joint_Vel:9.94869e-06   0.0112175 0.000133873  0.00554539 4.71668e-05 -0.00660071
cur_joint_Vel:1.00626e-05   0.0117716 0.000132868  0.00556132 4.67813e-05 -0.00680046
cur_joint_Vel:1.00626e-05   0.0117716 0.000132868  0.00556132 4.67813e-05 -0.00680046
cur_joint_Vel:1.00679e-05   0.0119681 0.000130309  0.00543496 4.56827e-05 -0.00683013
cur_joint_Vel:1.00679e-05   0.0119681 0.000130309  0.00543496 4.56827e-05 -0.00683013
cur_joint_Vel:9.96543e-06   0.0130237 0.000130108  0.00547706 4.57912e-05 -0.00725855
cur_joint_Vel:9.96543e-06   0.0130237 0.000130108  0.00547706 4.57912e-05 -0.00725855
cur_joint_Vel:9.86551e-06   0.0130725 0.000128394  0.00540208 4.51756e-05 -0.00725524
cur_joint_Vel:9.86551e-06   0.0130725 0.000128394  0.00540208 4.51756e-05 -0.00725524
cur_joint_Vel:1.00457e-05   0.0138549 0.000128349  0.00535993 4.54364e-05 -0.00754501
cur_joint_Vel:1.00457e-05   0.0138549 0.000128349  0.00535993 4.54364e-05 -0.00754501
cur_joint_Vel:1.05842e-05   0.0144146 0.000126203  0.00531298 4.46559e-05 -0.00773011
cur_joint_Vel:1.05842e-05   0.0144146 0.000126203  0.00531298 4.46559e-05 -0.00773011
cur_joint_Vel:1.16084e-05   0.0147661 0.000126753  0.00523702 4.53459e-05 -0.00782194
cur_joint_Vel:1.16084e-05   0.0147661 0.000126753  0.00523702 4.53459e-05 -0.00782194
cur_joint_Vel:1.41316e-05   0.0150845 0.000125751   0.0051241 4.54442e-05 -0.00790326
cur_joint_Vel:1.41316e-05   0.0150845 0.000125751   0.0051241 4.54442e-05 -0.00790326
cur_joint_Vel:2.08937e-05   0.0153285  0.00012711  0.00503627 4.73085e-05 -0.00796394
       0    -0.04        0 0.412907        0 0.406896
pos_err -0.00120549   -0.0662574 -0.000458154     0.099105  3.42423e-05   0.00906973
vel_err2.08937e-05   0.0153285  0.00012711  0.00503627 4.73085e-05 -0.00796394
cmdPos: -0.00118616    -0.105167 -0.000450569     0.510436   3.3789e-05     0.415805
cmdVel: 0.00966484    0.545388  0.00379234   -0.787804 -0.00022663  -0.0805218
Convergence achieved!
Final configuration:  0.000130367      2.08582     -1.71212    -0.664832 -0.000664649  -0.00128389
Final error:  9.37884e-05  2.84461e-08 -1.60547e-05
cur_joint_Vel:2.08937e-05   0.0153285  0.00012711  0.00503627 4.73085e-05 -0.00796394
cur_joint_Vel:-4.19949e-05    0.0156505  0.000138748   0.00493983  5.54369e-05  -0.00810114
cur_joint_Vel:-4.19949e-05    0.0156505  0.000138748   0.00493983  5.54369e-05  -0.00810114
       0    -0.04        0 0.412907        0 0.406896
pos_err -0.00120547   -0.0661977 -0.000457632     0.099124  3.44414e-05   0.00903904
vel_err-4.19949e-05    0.0156505  0.000138748   0.00493983  5.54369e-05  -0.00810114
cmdPos: -0.00118626    -0.105107 -0.000450032     0.510455  3.40012e-05     0.415775
cmdVel:  0.00960175     0.545232    0.0037998    -0.788052 -0.000220095   -0.0804135
Convergence achieved!
Final configuration:  0.000130761      2.08588     -1.71212    -0.664832 -0.000664469   -0.0012838
Final error:   9.3788e-05  2.84514e-08 -1.60545e-05
cur_joint_Vel:2.30807e-05    0.015825 0.000119711  0.00488122 3.96403e-05  -0.0080639
cur_joint_Vel:2.30807e-05    0.015825 0.000119711  0.00488122 3.96403e-05  -0.0080639
cur_joint_Vel:-0.000470379      1.66631  0.000209429   -0.0194469  9.48012e-05   -0.0843259
       0    -0.04        0 0.412907        0 0.406896
pos_err -0.00120931   -0.0608453 -0.000457103    0.0991859  3.43894e-05   0.00865617
vel_err-0.000470379      1.66631  0.000209429   -0.0194469  9.48012e-05   -0.0843259
cmdPos:  -0.0011909   -0.0965391 -0.000449371     0.510467  3.40288e-05     0.415245
cmdVel:  0.00920411      2.15308   0.00386625    -0.812934 -0.000180314    -0.153575
Convergence achieved!
Final configuration:  0.000130837       2.0851     -1.71192    -0.657301 -0.000664732  -0.00128364
Final error:  9.37081e-05  2.84711e-08 -1.60237e-05
cur_joint_Vel:-0.000470379      1.66631  0.000209429   -0.0194469  9.48012e-05   -0.0843259
cur_joint_Vel:-0.000352142      1.23234  0.000292861   -0.0418086  0.000129445    0.0318999
cur_joint_Vel:-0.000352142      1.23234  0.000292861   -0.0418086  0.000129445    0.0318999
       0    -0.04        0 0.412907        0 0.406896
pos_err -0.00121328   -0.0555156 -0.000455439    0.0990483  3.49624e-05   0.00858605
vel_err-0.000352142      1.23234  0.000292861   -0.0418086  0.000129445    0.0318999
cmdPos: -0.00119458   -0.0921626 -0.000447566     0.510287  3.46619e-05     0.415409
cmdVel:  0.00935413      1.67647   0.00393638    -0.834195 -0.000150255   -0.0367885
Convergence achieved!
Final configuration:  0.000132157      2.08366     -1.71306    -0.648974 -0.000665079  -0.00128364
Final error:  9.37221e-05   2.8236e-08 -1.57564e-05
cur_joint_Vel:-0.000222047     0.767544  0.000266855   -0.0293049  0.000119629     0.149588
cur_joint_Vel:-0.000222047     0.767544  0.000266855   -0.0293049  0.000119629     0.149588
cur_joint_Vel:-0.0185573   -3.19657  -0.054318 -0.0848616 -0.0834947   0.369979
       0    -0.04        0 0.412907        0 0.406896
pos_err -0.00126449   -0.0582668 -0.000564708    0.0986117 -0.000185034    0.0102383
vel_err-0.0185573   -3.19657  -0.054318 -0.0848616 -0.0834947   0.369979
cmdPos: -0.00128137    -0.103728 -0.000664309     0.509771 -0.000349063     0.417711
cmdVel:-0.00844143    -2.73043  -0.0498003   -0.873755  -0.0820144    0.288073
Convergence achieved!
Final configuration: -0.000656479      2.08204     -1.71772    -0.648049 -0.000289915  -0.00129255
Final error:  9.37968e-05 -9.78895e-08 -1.53827e-05
cur_joint_Vel:-0.0185573   -3.19657  -0.054318 -0.0848616 -0.0834947   0.369979
cur_joint_Vel:-0.0159818   -2.49699   -0.28215  0.0158253   -0.18053   0.120224
cur_joint_Vel:-0.0159818   -2.49699   -0.28215  0.0158253   -0.18053   0.120224
       0    -0.04        0 0.412907        0 0.406896
pos_err -0.00131079   -0.0680194  -0.00123041    0.0986008 -0.000664599    0.0109208
vel_err-0.0159818   -2.49699   -0.28215  0.0158253   -0.18053   0.120224
cmdPos:-0.00132178   -0.111925 -0.00177503    0.509962 -0.00101503    0.417883
cmdVel:-0.00549548    -1.95283   -0.272307   -0.772981   -0.175213   0.0328581
Convergence achieved!
Final configuration: -0.00199162     2.08407    -1.71676   -0.661442 1.80064e-05 -0.00130033
Final error:  9.38672e-05 -2.39113e-07 -1.59658e-05
cur_joint_Vel:-0.0129861   -1.89538  -0.462186  0.0982999   -0.25417  -0.103868
cur_joint_Vel:-0.0129861   -1.89538  -0.462186  0.0982999   -0.25417  -0.103868
cur_joint_Vel: -3.24442   2.29982  -3.43548  0.164559 -0.554458 -0.406107
       0    -0.04        0 0.412907        0 0.406896
pos_err-0.00864283  -0.0741488   -0.010017   0.0994644 -0.00305049  0.00981629
vel_err -3.24442   2.29982  -3.43548  0.164559 -0.554458 -0.406107
cmdPos:-0.0149934  -0.108363 -0.0167276   0.511109 -0.0041106   0.415743
cmdVel: -3.17528   2.89301  -3.35534 -0.631156 -0.530054 -0.484638
Convergence achieved!
Final configuration: -0.00752622     2.08914    -1.71369   -0.674505 -0.00533692 -0.00929405
Final error:  9.38873e-05 -5.65008e-07 -1.68858e-05
cur_joint_Vel: -3.24442   2.29982  -3.43548  0.164559 -0.554458 -0.406107
cur_joint_Vel:  -1.0248   1.79004    1.7549 0.0756861 -0.100496 -0.260304
cur_joint_Vel: -0.328489    1.38337    1.92271 -0.0235976  0.0127042  -0.103142
       0    -0.04        0 0.412907        0 0.406896
pos_err   -0.02645  -0.0591593 -0.00486719   0.0999764 -0.00470246  0.00763533
vel_err -0.328489    1.38337    1.92271 -0.0235976  0.0127042  -0.103142
cmdPos:  -0.0266838    -0.095446 -0.000943906     0.511236  -0.00460181     0.414203
cmdVel:-0.116889   1.85665   1.96164 -0.823409 0.0503239 -0.164224
Convergence achieved!
Final configuration: -0.00952816     2.08769    -1.71264   -0.657634  0.00546668  -0.0258507
Final error:  9.36823e-05  4.11954e-07 -1.60498e-05
cur_joint_Vel: -0.328489    1.38337    1.92271 -0.0235976  0.0127042  -0.103142
cur_joint_Vel:-0.134345  0.747917   2.04603  0.191783  0.150887 0.0167447
cur_joint_Vel:-0.134345  0.747917   2.04603  0.191783  0.150887 0.0167447
       0    -0.04        0 0.412907        0 0.406896
pos_err -0.0349018  -0.0555206  0.00274546    0.100219 -0.00436132  0.00756417
vel_err-0.134345  0.747917   2.04603  0.191783  0.150887 0.0167447
cmdPos: -0.0346121  -0.0931364   0.0067936    0.511906 -0.00398977    0.414373
cmdVel:   0.14487    1.19208    2.02407  -0.609968   0.185778 -0.0437687
Convergence achieved!
Final configuration: -0.00917222     2.08935    -1.71754   -0.652092   0.0143137  -0.0333924
Final error:  9.41292e-05  6.23587e-07 -1.60446e-05
cur_joint_Vel:   -3.263  0.334182   1.92574  0.494155  0.265291 0.0969128
cur_joint_Vel:   -3.263  0.334182   1.92574  0.494155  0.265291 0.0969128
cur_joint_Vel:  3.71496  -3.02211   -1.9615  0.731987 -0.104994  0.422495
       0    -0.04        0 0.412907        0 0.406896
pos_err-0.0376115 -0.0590015  0.0105494   0.104111 -0.0031703 0.00886172
vel_err  3.71496  -3.02211   -1.9615  0.731987 -0.104994  0.422495
cmdPos: -0.0295798   -0.104102  0.00645764    0.516816 -0.00332956    0.416461
cmdVel:   4.01585    -2.5501   -2.04589  -0.100898 -0.0796313   0.351601
Convergence achieved!
Final configuration: -0.00843369     2.10593    -1.74927   -0.651018    0.020887  -0.0352982
Final error:  9.52172e-05   1.9866e-07 -1.65888e-05
cur_joint_Vel:  3.71496  -3.02211   -1.9615  0.731987 -0.104994  0.422495
cur_joint_Vel:  -1.07387 -0.0510485   -2.46646     1.0136  -0.194244   0.156104
cur_joint_Vel:  -1.07387 -0.0510485   -2.46646     1.0136  -0.194244   0.156104
       0    -0.04        0 0.412907        0 0.406896
pos_err -0.0318591   -0.064627  0.00183563    0.107563 -0.00367028   0.0100118
vel_err  -1.07387 -0.0510485   -2.46646     1.0136  -0.194244   0.156104
cmdPos: -0.0334971   -0.103695 -0.00312665    0.520776 -0.00400005     0.41706
cmdVel:-0.818995  0.465968  -2.48114  0.153097 -0.164882 0.0760095
Convergence achieved!
Final configuration: -0.00872049     2.11976    -1.77153   -0.653161   0.0109921  -0.0305608
Final error:  9.55252e-05   1.6058e-07 -1.77044e-05
cur_joint_Vel:  -0.848217    0.179916    -2.60264     1.11569   -0.322285 -0.00799038
cur_joint_Vel:  -0.848217    0.179916    -2.60264     1.11569   -0.322285 -0.00799038
cur_joint_Vel:-0.142827  0.604598   2.32481  0.928916  0.081333 -0.120907
       0    -0.04        0 0.412907        0 0.406896
pos_err -0.0195829  -0.0622882 -0.00834064    0.116193 -0.00550516  0.00992822
vel_err-0.142827  0.604598   2.32481  0.928916  0.081333 -0.120907
cmdPos: -0.0195552   -0.100082 -0.00355757    0.529099 -0.00525441    0.416424
cmdVel:  0.0138356      1.1029     2.39154 -0.00062809    0.125374   -0.200333
Convergence achieved!
Final configuration:  -0.010171    2.14751   -1.81658  -0.641686 0.00257745   -0.01929
Final error:  9.50429e-05  5.21277e-07 -1.88849e-05
cur_joint_Vel:-0.142827  0.604598   2.32481  0.928916  0.081333 -0.120907
cur_joint_Vel: -0.891087   -2.25212    -2.6956    0.50322  -0.338796 -0.0536427
cur_joint_Vel: -0.891087   -2.25212    -2.6956    0.50322  -0.338796 -0.0536427
       0    -0.04        0 0.412907        0 0.406896
pos_err -0.0247334  -0.0673745 -0.00950346     0.11886  -0.0058454  0.00984769
vel_err -0.891087   -2.25212    -2.6956    0.50322  -0.338796 -0.0536427
cmdPos: -0.0261199   -0.110801  -0.0147426    0.530872 -0.00642947    0.416479
cmdVel: -0.69322  -1.71312  -2.61957 -0.447661 -0.292033 -0.132424
Convergence achieved!
Final configuration: -0.0122687    2.15445   -1.82582  -0.647059 0.00171215 -0.0245122
Final error: 9.42531e-05  1.1719e-09 -1.8791e-05
cur_joint_Vel: -4.71633  -1.88332  -3.18283  0.109303 -0.408595 -0.138434
cur_joint_Vel: -4.71633  -1.88332  -3.18283  0.109303 -0.408595 -0.138434
cur_joint_Vel:  3.24079   2.17238  -2.41962  0.119826 -0.484534 -0.458773
       0    -0.04        0 0.412907        0 0.406896
pos_err -0.0273666  -0.0723745  -0.0304502    0.120528 -0.00912611  0.00789268
vel_err  3.24079   2.17238  -2.41962  0.119826 -0.484534 -0.458773
cmdPos: -0.0204471   -0.106872  -0.0348022    0.531746 -0.00994916    0.413745
cmdVel:  3.45972   2.75137  -2.17602 -0.844396 -0.411525 -0.521914
Convergence achieved!
Final configuration: -0.0171853    2.15856   -1.82008   -0.65936 -0.0164217 -0.0294389
Final error:  9.33515e-05  7.79411e-08 -1.90555e-05
cur_joint_Vel:  3.24079   2.17238  -2.41962  0.119826 -0.484534 -0.458773
cur_joint_Vel:   5.56551    1.71446    2.70593  0.0754817 -0.0533837  -0.330422
cur_joint_Vel:   5.56551    1.71446    2.70593  0.0754817 -0.0533837  -0.330422
       0    -0.04        0 0.412907        0 0.406896
pos_err-0.0180162 -0.0645545 -0.0314744   0.120861 -0.0101855 0.00642315
vel_err   5.56551    1.71446    2.70593  0.0754817 -0.0533837  -0.330422
cmdPos:-0.00659693   -0.100093   -0.025559    0.531985  -0.0101293    0.412556
cmdVel:  5.70964    2.2309   2.95772 -0.891404 0.0281003 -0.381808
Convergence achieved!
Final configuration: -0.0176359    2.15838   -1.81875  -0.651959 -0.0151411 -0.0198078
Final error:  9.33161e-05  5.28572e-07 -1.86915e-05
cur_joint_Vel: 0.474261   1.47677   2.23485 0.0676036 0.0433525 -0.196388
cur_joint_Vel: 0.474261   1.47677   2.23485 0.0676036 0.0433525 -0.196388
cur_joint_Vel:  1.88932  0.812699   2.31999  0.280411 0.0672284 -0.104573
       0    -0.04        0 0.412907        0 0.406896
pos_err-0.00815282  -0.0529067  -0.0152343     0.12184   -0.010277  0.00478925
vel_err  1.88932  0.812699   2.31999  0.280411 0.0672284 -0.104573
cmdPos:-0.00424375  -0.0904348  -0.0103506    0.533359  -0.0099781      0.4114
cmdVel:  1.95454   1.23595   2.44186 -0.694312  0.149444 -0.142887
Convergence achieved!
Final configuration:  -0.0191605     2.16161    -1.82484   -0.638794   0.0049172 -0.00764137
Final error:  9.37872e-05  2.96141e-07 -1.84886e-05
cur_joint_Vel:  1.88932  0.812699   2.31999  0.280411 0.0672284 -0.104573
cur_joint_Vel: -3.87342    1.0826 -0.298686  0.366215 0.0221501 -0.285737
cur_joint_Vel: -3.87342    1.0826 -0.298686  0.366215 0.0221501 -0.285737
       0    -0.04        0 0.412907        0 0.406896
pos_err-0.0182624 -0.0494538 -0.0121672   0.123201 -0.0100845 0.00405072
vel_err -3.87342    1.0826 -0.298686  0.366215 0.0221501 -0.285737
cmdPos: -0.025717 -0.0864973 -0.0125699   0.534869 -0.0098788   0.410311
cmdVel: -3.72732   1.47823 -0.201349 -0.619395  0.102826 -0.318143
Convergence achieved!
Final configuration: -0.0192179    2.16635   -1.83054  -0.634517 0.00814296 -0.0174416
Final error:  9.38334e-05  3.85784e-07 -1.88555e-05
cur_joint_Vel:-0.115881   1.48854  0.242755  0.419701  0.123668 -0.514128
cur_joint_Vel:-0.115881   1.48854  0.242755  0.419701  0.123668 -0.514128
cur_joint_Vel:  -1.3519   1.72772  -2.31714  0.660749 0.0111105 -0.556362
       0    -0.04        0 0.412907        0 0.406896
pos_err -0.0254376  -0.0374412  -0.0174547    0.126808 -0.00967373 0.000165172
vel_err  -1.3519   1.72772  -2.31714  0.660749 0.0111105 -0.556362
cmdPos: -0.0277344  -0.0733867  -0.0218097    0.539008 -0.00949673    0.405946
cmdVel:  -1.1484   2.02725  -2.17751 -0.353718 0.0885004 -0.557684
Convergence achieved!
Final configuration:  -0.0176719     2.17948    -1.84147   -0.625652 0.000597281  -0.0253877
Final error:   9.4199e-05  6.12208e-07 -1.95085e-05
cur_joint_Vel:  -1.3519   1.72772  -2.31714  0.660749 0.0111105 -0.556362
cur_joint_Vel:  3.96624   1.11638  -1.53991  0.941279 0.0726346  -0.44907
cur_joint_Vel:  3.96624   1.11638  -1.53991  0.941279 0.0726346  -0.44907
       0    -0.04        0 0.412907        0 0.406896
pos_err -0.0163041  -0.0323283  -0.0248503    0.129786 -0.00942657 -0.00148331
vel_err  3.96624   1.11638  -1.53991  0.941279 0.0726346  -0.44907
cmdPos: -0.0081108  -0.0695782  -0.0275325    0.542499 -0.00913048    0.404539
cmdVel:   4.09667    1.37501   -1.34111 -0.0970095   0.148047  -0.437204
Convergence achieved!
Final configuration:  -0.0160102     2.19134     -1.8579   -0.620729 -0.00901633  -0.0170491
Final error:  9.47003e-05  6.46547e-07 -1.98597e-05
cur_joint_Vel:  3.63624   1.01913  -1.45078   1.07244 0.0900672 -0.523212
cur_joint_Vel:  3.63624   1.01913  -1.45078   1.07244 0.0900672 -0.523212
cur_joint_Vel: -1.04815   1.31693   3.06515   1.08226  0.508507 -0.598463
       0    -0.04        0 0.412907        0 0.406896
pos_err -0.0123226   -0.021107  -0.0268721    0.138655 -0.00760134  -0.0065299
vel_err -1.04815   1.31693   3.06515   1.08226  0.508507 -0.598463
cmdPos: -0.0142217  -0.0581355  -0.0203119    0.551508 -0.00646271    0.399274
cmdVel: -0.949564    1.48578    3.28012 -0.0269859   0.569318  -0.546224
Convergence achieved!
Final configuration: -0.0103362    2.22247   -1.89586  -0.611048 -0.0154784 -0.0134178
Final error:  9.47038e-05  1.27226e-06 -2.08674e-05
cur_joint_Vel: 0.608714   1.28772   3.26272   1.06153  0.593381 -0.642618
cur_joint_Vel: 0.608714   1.28772   3.26272   1.06153  0.593381 -0.642618
cur_joint_Vel:  4.12575  -1.19172   3.41122  0.684427  0.546122 -0.714591
       0    -0.04        0 0.412907        0 0.406896
pos_err -0.0144833  -0.0191259 0.000255411    0.146345 -0.00285678  -0.0108486
vel_err  4.12575  -1.19172   3.41122  0.684427  0.546122 -0.714591
cmdPos: -0.0060001  -0.0612033  0.00707376    0.558279 -0.00171883    0.394792
cmdVel:  4.24161  -1.03871   3.40917 -0.486334  0.568976 -0.627802
Convergence achieved!
Final configuration: -0.00365658     2.24727    -1.92252   -0.613129  0.00652753  -0.0140513
Final error:   9.3808e-05  1.10666e-06 -2.13689e-05
cur_joint_Vel:  4.12575  -1.19172   3.41122  0.684427  0.546122 -0.714591
cur_joint_Vel:-4.11961  2.87329 -2.33525 0.416498 0.164206 -1.05741
^Ccur_joint_Vel:-4.11961  2.87329 -2.33525 0.416498 0.164206 -1.05741
       0    -0.04        0 0.412907        0 0.406896
pos_err  -0.0193591   -0.0160318 -0.000598405     0.148544  -0.00167393   -0.0141059
vel_err-4.11961  2.87329 -2.33525 0.416498 0.164206 -1.05741
cmdPos: -0.0272886  -0.0500287 -0.00525932    0.559907 -0.00131873    0.390901
cmdVel: -3.96474   3.00155  -2.33046 -0.771852  0.177598 -0.944567
Convergence achieved!
Final configuration: -0.00260877     2.25306     -1.9196   -0.616053  0.00287449  -0.0191774
Final error:  9.31473e-05  6.59561e-07 -2.15754e-05
cur_joint_Vel:-3.97834  3.32469 -2.02046 0.220336 0.233298 -1.14946
cur_joint_Vel:-3.97834  3.32469 -2.02046 0.220336 0.233298 -1.14946
cur_joint_Vel:-0.500267   3.16214  -1.13993  0.372186  0.266122  -1.14993
       0    -0.04        0 0.412907        0 0.406896
pos_err -0.0332215  0.00508848  -0.0106059    0.150454 4.86925e-05  -0.0216133
vel_err-0.500267   3.16214  -1.13993  0.372186  0.266122  -1.14993
cmdPos: -0.0336904  -0.0286687  -0.0127161    0.561698 0.000580157    0.383329
cmdVel:-0.234496   3.12143  -1.05508 -0.831442  0.265732 -0.977028
Convergence achieved!
Final configuration: 0.0021392    2.2578  -1.90842 -0.606327 -0.012617 -0.033729
Final error:  9.30681e-05  1.20375e-06 -2.11864e-05
cur_joint_Vel:-0.500267   3.16214  -1.13993  0.372186  0.266122  -1.14993
cur_joint_Vel: -1.97203 -0.115572   3.35007  0.350316  0.515769 -0.811715
cur_joint_Vel: -1.97203 -0.115572   3.35007  0.350316  0.515769 -0.811715
       0    -0.04        0 0.412907        0 0.406896
pos_err -0.0348204  0.00947591 -0.00533618    0.151829  0.00138668  -0.0250352
vel_err -1.97203 -0.115572   3.35007  0.350316  0.515769 -0.811715
cmdPos:-0.0382074 -0.0309069 0.00144933   0.563008 0.00239604   0.380638
cmdVel: -1.69347  -0.19138   3.39276 -0.864319  0.504676 -0.611433
Convergence achieved!
Final configuration:   0.0050497     2.26285    -1.90774   -0.609625 -0.00908521  -0.0351436
Final error:  9.31597e-05  1.55717e-06 -2.06821e-05
cur_joint_Vel: -2.28731 -0.385834   2.88103  0.368409  0.367566 -0.684138
cur_joint_Vel: -2.28731 -0.385834   2.88103  0.368409  0.367566 -0.684138
cur_joint_Vel:  3.77431 -0.977617   2.75633  0.608005  0.422461 -0.564892
       0    -0.04        0 0.412907        0 0.406896
pos_err-0.0263217 0.00361171  0.0161468    0.15499 0.00438826 -0.0296891
vel_err  3.77431 -0.977617   2.75633  0.608005  0.422461 -0.564892
cmdPos: -0.018352 -0.0384013  0.0214011   0.566633 0.00516297   0.376552
cmdVel:  3.98489  -1.00651   2.62715 -0.631919  0.387355 -0.327379
Convergence achieved!
Final configuration: 0.00823787    2.27863   -1.91484  -0.630581  0.0100312 -0.0259064
Final error:  9.37126e-05  1.06774e-06 -2.09148e-05
cur_joint_Vel:  3.77431 -0.977617   2.75633  0.608005  0.422461 -0.564892
cur_joint_Vel: 0.535133   2.30581  -2.27359  0.806343  0.121037 -0.926462
cur_joint_Vel: 0.535133   2.30581  -2.27359  0.806343  0.121037 -0.926462
       0    -0.04        0 0.412907        0 0.406896
pos_err-0.0182663 0.00685873  0.0146162   0.157827 0.00526378 -0.0327526
vel_err 0.535133   2.30581  -2.27359  0.806343  0.121037 -0.926462
cmdPos:-0.0169038 -0.0286394 0.00983512   0.569822 0.00542163   0.372815
cmdVel: 0.681263   2.25094  -2.39052 -0.456276 0.0789271 -0.664441
Convergence achieved!
Final configuration: 0.00896519    2.29075    -1.9237  -0.631858  0.0063464 -0.0180244
Final error: 9.38754e-05 4.75929e-07 -2.1755e-05
cur_joint_Vel: 3.17206  2.72517 -1.83373 0.819262 0.280832  -1.1678
cur_joint_Vel: 3.17206  2.72517 -1.83373 0.819262 0.280832  -1.1678
cur_joint_Vel:-0.164437   2.81866   3.54641  0.749522  0.634421  -1.13439
       0    -0.04        0 0.412907        0 0.406896
pos_err-0.0175144  0.0271136  0.0133434   0.164281  0.0082747 -0.0413243
vel_err-0.164437   2.81866   3.54641  0.749522  0.634421  -1.13439
cmdPos: -0.0175631 -0.00768289   0.0202227    0.576059  0.00941115    0.363964
cmdVel:-0.0243217    2.60175    3.43966  -0.564728   0.568223  -0.803796
Convergence achieved!
Final configuration:    0.0164184      2.31341     -1.93991     -0.62002 -0.000985272   -0.0175317
Final error:   9.3626e-05   1.2705e-06 -2.21445e-05
cur_joint_Vel:-0.164437   2.81866   3.54641  0.749522  0.634421  -1.13439
cur_joint_Vel:-4.09135  2.43601   3.1343 0.726658 0.641536 -1.22641
cur_joint_Vel:-4.09135  2.43601   3.1343 0.726658 0.641536 -1.22641
       0    -0.04        0 0.412907        0 0.406896
pos_err-0.0274094  0.0366907  0.0256347   0.167043  0.0106274 -0.0457091
vel_err-4.09135  2.43601   3.1343 0.726658 0.641536 -1.22641
cmdPos: -0.0351535 0.000975697   0.0314931    0.578731   0.0117404    0.359466
cmdVel: -3.87208   2.14248   2.92922 -0.609687  0.556517 -0.860732
Convergence achieved!
Final configuration:  0.0195443    2.32348   -1.94527  -0.615681 0.00866702 -0.0273768
Final error:  9.35369e-05  1.42488e-06 -2.22754e-05
cur_joint_Vel:0.553187  2.93406  3.13716 0.766167 0.718913 -1.42906
cur_joint_Vel:0.553187  2.93406  3.13716 0.766167 0.718913 -1.42906
cur_joint_Vel: 3.93967  3.66613 -1.83137 0.607576 0.310094 -1.52908
       0    -0.04        0 0.412907        0 0.406896
pos_err-0.0261552  0.0609702  0.0395746   0.172683  0.0152059 -0.0569986
vel_err 3.93967  3.66613 -1.83137 0.607576 0.310094 -1.52908
cmdPos:-0.0178574  0.0273269  0.0352786   0.584042  0.0155828   0.347752
cmdVel:  4.14891   3.17837  -2.14797 -0.773887  0.188447  -1.07309
Convergence achieved!
Final configuration:  0.0253382    2.34407   -1.94917  -0.606551  0.0158354 -0.0265382
Final error:   9.3175e-05  8.33612e-07 -2.24998e-05
cur_joint_Vel: 3.93967  3.66613 -1.83137 0.607576 0.310094 -1.52908
cur_joint_Vel: 1.93923  3.50691 -1.85173 0.548411 0.188401 -1.44653
cur_joint_Vel: 1.93923  3.50691 -1.85173 0.548411 0.188401 -1.44653
       0    -0.04        0 0.412907        0 0.406896
pos_err-0.0240551  0.0750914  0.0330945   0.175049  0.0162619 -0.0631077
vel_err 1.93923  3.50691 -1.85173 0.548411 0.188401 -1.44653
cmdPos:-0.0197918  0.0409038  0.0288616   0.586252  0.0163785   0.341905
cmdVel:  2.13167   2.90618  -2.11648 -0.851982 0.0583053 -0.941673
Convergence achieved!
Final configuration:  0.0273987    2.35277    -1.9488  -0.601148 0.00632428  -0.024311
Final error:  9.30794e-05  6.33389e-07 -2.22176e-05
cur_joint_Vel: -2.37445   3.03707  -1.76314  0.540697 0.0929008  -1.32026
cur_joint_Vel: -2.37445   3.03707  -1.76314  0.540697 0.0929008  -1.32026
cur_joint_Vel:  4.47529 -0.196013   2.95032   0.73581  0.514265 -0.998019
       0    -0.04        0 0.412907        0 0.406896
pos_err-0.0161158  0.0921432  0.0292232   0.179461  0.0179322 -0.0727012
vel_err  4.47529 -0.196013   2.95032   0.73581  0.514265 -0.998019
cmdPos:-0.00690742   0.0502769   0.0346563    0.590968   0.0186738    0.333362
cmdVel:  4.60421 -0.933159   2.71653 -0.699877  0.370808 -0.416409
Convergence achieved!
Final configuration:   0.0316776     2.37255    -1.95848   -0.599578 -0.00108586  -0.0160435
Final error:  9.35241e-05  9.55846e-07 -2.18112e-05
cur_joint_Vel:  4.47529 -0.196013   2.95032   0.73581  0.514265 -0.998019
cur_joint_Vel:-0.272817   2.35005   3.02484  0.941512  0.458836  -1.15086
cur_joint_Vel:-0.272817   2.35005   3.02484  0.941512  0.458836  -1.15086
       0    -0.04        0 0.412907        0 0.406896
pos_err-0.00744892   0.0973321   0.0410934      0.1828   0.0198266   -0.076753
vel_err-0.272817   2.35005   3.02484  0.941512  0.458836  -1.15086
cmdPos:-0.00787537   0.0604749   0.0464856    0.594665   0.0204271     0.32907
cmdVel:-0.213226    1.5714   2.69609 -0.520884  0.300223  -0.53684
Convergence achieved!
Final configuration:   0.0335886     2.38812    -1.97315   -0.599217  0.00902551 -0.00804656
Final error:  9.38089e-05  6.23393e-07 -2.24727e-05
cur_joint_Vel:0.0589341   1.98972   2.73234   1.00828   0.38887  -1.10232
cur_joint_Vel:0.0911991  -1.29761  -2.37886   1.07558 0.0261501 -0.783017
cur_joint_Vel:0.0911991  -1.29761  -2.37886   1.07558 0.0261501 -0.783017
       0    -0.04        0 0.412907        0 0.406896
pos_err-0.00712177    0.107028     0.05149    0.191256   0.0222864  -0.0854899
vel_err0.0911991  -1.29761  -2.37886   1.07558 0.0261501 -0.783017
cmdPos:-0.00682542   0.0627207   0.0459085    0.603254   0.0219821    0.321208
cmdVel: 0.148173  -2.15384  -2.79078 -0.454472 -0.152141 -0.099097
Convergence achieved!
Final configuration:   0.0350862     2.42452     -2.0147   -0.597836   0.0163785 -0.00842089
Final error:  9.39421e-05 -7.61338e-08 -2.29519e-05
cur_joint_Vel: -4.96712  -1.95747  -1.94717   1.18379 0.0914103 -0.664812
cur_joint_Vel: -4.96712  -1.95747  -1.94717   1.18379 0.0914103 -0.664812
oceanyan@oceanyan-911-Plus:~/Files/Robotics/CIMC-TEAM/unitree_ros$ 

